Balls:
15,257,181,0,90,71,227
15,232,92,1,130,157,214
15,192,94,0,95,233,48
15,259,117,1,59,23,90
15,33,86,0,221,138,195
15,432,178,1,215,240,214
15,466,434,0,240,107,127
15,263,224,1,22,91,124
15,164,264,0,169,225,81
15,94,378,3,0,0,0
15,662,293,0,204,105,20
15,53,367,1,60,216,31
15,664,386,0,122,197,30
15,119,395,1,25,28,147
15,100,244,2,255,255,255

Players:
Player 1,0,false
Player 2,1,true

State:
false
true
false
true

Shots:
394.0,253.0,391.0,248.0,520.0,268.0
269.76205193985356,400.2183227570633,271.0,396.0,351.0,633.0

